5
1457509979_A_B
A
B
1471970362 1457509979
1
1 12 7
0 0 10 12 0 0 0
0 0 10 12 0 0 0
0 0 10 12 0 0 0
0 0 0 12 0 0 0
0 0 0 0 0 0 0
0 0 0 0 0 0 0
1457509834_A_C
A
C
1457509834 1457509834
0
0 10 11
12 12 10 10 10 12 0
0 12 0 10 12 0 0
0 12 0 10 0 0 0
0 0 0 0 0 0 0
0 0 0 0 0 0 0
0 0 0 0 0 0 0
1458122999_A_D
A
G
1457602979 1458122999
0
0 10 1
12 0 0 0 0 0 0
0 0 0 0 0 0 0
0 0 0 0 0 0 0
0 0 0 0 0 0 0
0 0 0 0 0 0 0
0 0 0 0 0 0 0
1458124613_B_C
B
C
1471970477 1471970477
1
0 12 2
10 0 0 12 0 0 0
0 0 0 0 0 0 0
0 0 0 0 0 0 0
0 0 0 0 0 0 0
0 0 0 0 0 0 0
0 0 0 0 0 0 0
1471970445_B_A
B
A
1471970464 1471970464
1
0 12 0
0 0 0 0 0 0 0
0 0 0 0 0 0 0
0 0 0 0 0 0 0
0 0 0 0 0 0 0
0 0 0 0 0 0 0
0 0 0 0 0 0 0
